weatherdisplay:
  lat: 49.872826
  lon: 8.651193
  updateInterval: 60
  